start=[43.9321155201432, -115.66810997587973, 1853.24365234375]
end=[43.936755605210664, -115.66302450814356, 1819.209594726563]